1.381438889546335704e-03
1.452435188856955432e-03
1.527615054441448491e-03
1.607258732281849605e-03
1.691667692684845460e-03
1.781166442074078341e-03
1.876104508896635084e-03
1.976858622479009051e-03
2.083835105962183066e-03
2.197472507053859631e-03
2.318244493307755876e-03
2.446663042031116397e-03
2.583281958799732957e-03
2.728700763002738384e-03
2.883568983940956905e-03
3.048590916872817146e-03
3.224530895170193371e-03
3.412219142571993030e-03
3.612558278589022166e-03
3.826530560645979590e-03
4.055205958812397628e-03
4.299751173300843388e-03
4.561439721688780383e-03
4.841663242531141394e-03
5.141944185255950192e-03
5.463950083692168183e-03
5.809509643146534320e-03
6.180630909714321559e-03
6.579521836825781046e-03
7.008613619580313613e-03
7.470587234314153037e-03
7.968403701737002479e-03
8.505338690223409118e-03
9.085022195729581737e-03
9.711484181799283355e-03
1.038920724426710580e-02
1.112318758969072646e-02
1.191900589613212845e-02
1.278290997527557413e-02
1.372191159663752220e-02
1.474390039525467003e-02
1.585777850057718333e-02
1.707362044618668598e-02
1.840286411541264266e-02
1.985854004056839678e-02
2.145554843352403401e-02
2.321099606544206953e-02
2.514460879310238470e-02
2.727924052071382249e-02
2.964150623046650154e-02
3.226257620868069886e-02
3.517918192560649110e-02
3.843490299548437544e-02
4.208183201869438589e-02
4.618275422421600634e-02
5.081403859900992387e-02
5.606952785231393566e-02
6.206585480380841929e-02
6.894983441577998140e-02
7.690893929145112273e-02
8.618646197171822565e-02
9.710398526400204622e-02
1.100955787441713907e-01
1.257614286942075887e-01
1.449548811210563393e-01
1.689294107223434649e-01
1.995984506927994395e-01
2.400202794827803188e-01
2.953629942668984931e-01
3.749788576036994781e-01
4.972956143272652119e-01
7.026576583145709431e-01
1.090622329998248707e+00
1.919311248889559396e+00
3.354338256890357250e+00
2.563367759957509318e+00
8.695847750850492774e-01
2.777966451774957490e-01
8.667151575657928986e-02
2.105372716306716865e-02
1.691141618775660440e-03
2.423432826674410019e-03
1.338729104289297644e-02
3.053776269728335560e-02
5.219293873291958041e-02
7.774631076897768611e-02
1.071410033659945943e-01
1.406430595802647399e-01
1.787447832767389000e-01
2.221318743269899421e-01
2.716882425492219144e-01
3.285305375690203422e-01
3.940750187606101851e-01
4.701483649672435483e-01
5.591640518374465518e-01
6.643959761964389754e-01
7.903759035977835357e-01
9.433401492798113575e-01
1.131061200589382976e+00
1.358431179780482001e+00
1.601354393896072148e+00
