1.178103511031766804e+00
1.213410733999807700e+00
1.250018343208622262e+00
1.287981368182028907e+00
1.327357373438446286e+00
1.368206578864481937e+00
1.410591985003329052e+00
1.454579503056618872e+00
1.500238089211435311e+00
1.547639882642897202e+00
1.596860346180179802e+00
1.647978408123826011e+00
1.701076603016381306e+00
1.756241208230181483e+00
1.813562371957349484e+00
1.873134226446650397e+00
1.935054977966448542e+00
1.999426961761810340e+00
2.066356645914764645e+00
2.135954562100992771e+00
2.208335133204414547e+00
2.283616356841099648e+00
2.361919289011696232e+00
2.443367251919688066e+00
2.528084662502577462e+00
2.616195340742589970e+00
2.707820105675127209e+00
2.803073397170845027e+00
2.902058566178213894e+00
3.004861345897027469e+00
3.111540838857208335e+00
3.222117113650479148e+00
3.336554178893420541e+00
3.454736664617906960e+00
3.576437962385539571e+00
3.701276824829249357e+00
3.828658483824261438e+00
3.957695230048090540e+00
4.087100206142625147e+00
4.215047182374649815e+00
4.338988942507692848e+00
4.455428887460086251e+00
4.559646922823495707e+00
4.645395588326352687e+00
4.704611529233065248e+00
4.727237485121746907e+00
4.701324072989057967e+00
4.613666935409042935e+00
4.451286545778714299e+00
4.203974346284010899e+00
3.867774341755477518e+00
3.448592823158397103e+00
2.964385308733680002e+00
2.444215222502167162e+00
1.923538131812658092e+00
1.437052982613775232e+00
1.011955692554908248e+00
6.641369029613453101e-01
3.980703125449002733e-01
2.093553811518003016e-01
8.821695840554130696e-02
2.264571563562926826e-02
5.969975211217619978e-04
1.122873497835343362e-02
4.541621602116682060e-02
9.581977079813172593e-02
1.567226898104159272e-01
2.237796895924353824e-01
2.937539156154045927e-01
3.642793546272875549e-01
4.336618108689073159e-01
5.007194731749399219e-01
5.646587900528980963e-01
6.249796934858848907e-01
6.814042800097738217e-01
7.338238411282389517e-01
7.822601194218987697e-01
8.268376212236041578e-01
8.677646590870922161e-01
9.053215179579190419e-01
9.398547622959445569e-01
9.717772666821127281e-01
1.001574104748228278e+00
1.029815013597455975e+00
1.057174784956798064e+00
1.084463559086981777e+00
1.112669275023226101e+00
1.143013239972296535e+00
1.177012901735629669e+00
1.216520399265289321e+00
1.263618366015597960e+00
1.319960996240703954e+00
1.384160889313746257e+00
1.442677285521935859e+00
1.442629983614244660e+00
1.248760490124086520e+00
7.586768341675971250e-01
2.602666006224944040e-01
3.961920674315073942e-02
7.288919782174907783e-03
3.851094840652082019e-02
