8.215836995157015999e-05
8.976135770402946564e-05
9.815918944235404954e-05
1.074455901764317174e-04
1.177267360180392309e-04
1.291231154926762443e-04
1.417717034456519431e-04
1.558285063864630617e-04
1.714715504949265788e-04
1.889043987922476165e-04
2.083603029141945320e-04
2.301071184821392856e-04
2.544531425063343406e-04
2.817540682069699111e-04
3.124212992371469522e-04
3.469319243452864319e-04
3.858407287363168747e-04
4.297947147259830944e-04
4.795507283552427375e-04
5.359969493813908402e-04
6.001792116370049598e-04
6.733333957833511057e-04
7.569254999454913448e-04
8.527014775722821559e-04
9.627495810212149127e-04
1.089578827500183728e-03
1.236218402301904112e-03
1.406344464750944670e-03
1.604443118205479578e-03
1.836021533166017159e-03
2.107883801818866143e-03
2.428494707152352092e-03
2.808464220038907767e-03
3.261199777879194867e-03
3.803794777457410615e-03
4.458254344083326104e-03
5.253210138949724467e-03
6.226356299624046658e-03
7.427968651801541630e-03
8.926084870467251159e-03
1.081428996330936233e-02
1.322369368038000224e-02
1.634184840848125139e-02
2.044353674770792162e-02
2.594262398639020709e-02
3.348292292280894561e-02
4.410498956664545001e-02
5.956961807807813203e-02
8.302816127668931345e-02
1.205285449912041756e-01
1.847573479365953730e-01
3.056010015895105902e-01
5.651400968671933533e-01
1.235927020559345779e+00
3.262498849295783376e+00
5.359154779448586758e+00
2.611129907469670997e+00
1.194462229130983655e+00
6.675512300592044701e-01
4.309008048087524245e-01
3.061334988131412249e-01
2.324445949109230358e-01
1.852252186858926175e-01
1.530785975008178423e-01
1.301543542839878054e-01
1.131990314538773162e-01
1.002843186325489272e-01
9.020641155305650360e-02
8.218056834827554280e-02
7.567599252062273685e-02
7.032186280692202807e-02
6.585144261552340617e-02
6.206752816317083477e-02
5.882032982945591126e-02
5.599283919581325708e-02
5.349082368070601917e-02
5.123573614449119379e-02
4.915947480172382089e-02
4.720030419939059280e-02
4.529946868179442893e-02
4.339815996643223150e-02
4.143457805938688399e-02
3.934087730114407822e-02
3.703984905269473021e-02
3.444132169110529496e-02
3.143861185678172715e-02
2.790636124097421733e-02
2.370397038738849410e-02
1.869741557735691770e-02
1.283940310228702184e-02
6.441962822213544507e-03
1.144479573928549763e-03
3.782597395207834296e-03
4.500788923491273047e-02
2.869710012967650603e-01
1.203983004477648500e+00
1.167460813191643743e+00
7.074890286844517373e-01
4.947174578918596133e-01
3.897094186070800825e-01
3.299470391946483505e-01
