2.083129630348307781e+00
2.474725799106108681e+00
2.952413606262122681e+00
3.530180801101277410e+00
4.216374096747751210e+00
5.004589716077228800e+00
5.860025115627825798e+00
6.705734266677362498e+00
7.421874092944999113e+00
7.874781506627147820e+00
7.973977867346987658e+00
7.719129700232757685e+00
7.195286679611735181e+00
6.523423885191506955e+00
5.810566987956108598e+00
5.127455605824581930e+00
4.510075502153218174e+00
3.970508033903578760e+00
3.507492816981617967e+00
3.113661818761990219e+00
2.779666039178793735e+00
2.496227002982854604e+00
2.255005722198695217e+00
2.048865369705738182e+00
1.871852825358576000e+00
1.719067821592365597e+00
1.586501263578085075e+00
1.470878903120644843e+00
1.369524108423664011e+00
1.280242993287806108e+00
1.201230675382560786e+00
1.130995818006793385e+00
1.068300307502166646e+00
1.012111162163223055e+00
9.615621954192651311e-01
9.159234040384179876e-01
8.745764559007892514e-01
8.369949915471558421e-01
8.027287291283755621e-01
7.713905811234533783e-01
7.426461628734175591e-01
7.162052068421019824e-01
6.918145005628768551e-01
6.692520470211555939e-01
6.483222089774876018e-01
6.288516475373223669e-01
6.106859032794640374e-01
5.936864978925734393e-01
5.777284573944873047e-01
5.626981760380503905e-01
5.484915540137106360e-01
5.350123528537058526e-01
5.221707206281711589e-01
5.098818450387831991e-01
4.980646966641750217e-01
4.866408270823472382e-01
4.755331874732990904e-01
4.646649325751701087e-01
4.539581724100451021e-01
4.433326297792358206e-01
4.327041547913795805e-01
4.219830381252900331e-01
4.110720516846307904e-01
3.998641279836444573e-01
3.882395671946970994e-01
3.760626327495193988e-01
3.631773632326126822e-01
3.494023934797703679e-01
3.345245520634592684e-01
3.182910141025514505e-01
3.003999079500554448e-01
2.804896727734225159e-01
2.581285577137523712e-01
2.328084729102236350e-01
2.039545691369229197e-01
1.709803370942849510e-01
1.334666018621613326e-01
9.167566033141152926e-02
4.798906123420421804e-02
1.095093288057515622e-02
6.597151224731887496e-03
1.070090402907820509e-01
4.660675081033090472e-01
1.163915620350464586e+00
1.758411685719843298e+00
1.874504377758866802e+00
1.739243577338287938e+00
1.565184795733309597e+00
1.414854342413224053e+00
1.295045486266293011e+00
1.200298780936369658e+00
1.124226187085789253e+00
1.061669336322740076e+00
1.008736065306881313e+00
9.624575128393862977e-01
9.204427977433433661e-01
8.805753399250185742e-01
8.407089199485647812e-01
7.982755815995650206e-01
7.496315051060646883e-01
6.887420256468972379e-01
